20
1424.18828125
1120.4295166015625
735.63828125
1398.594482421875
1180.5177978515626
816.18515625
1081.8708251953126
1360.7913818359375
1135.35263671875
1363.268359375
1156.718701171875
1422.9435302734375
1218.4754638671875
1307.51025390625
725.1480712890625
1381.342919921875
1746.888623046875
1162.0466064453126
1112.5303955078125
1731.6979736328126
1934.3251953125
2344.8784423828124
1711.57802734375
1828.977490234375
2255.7489501953123
2694.2133544921876
1734.799755859375
2704.138720703125
1683.269970703125
2557.6916748046874
2695.2212890625
2383.2432861328125
2302.8885986328123
3725.7848388671873
3423.8872802734377
3893.729931640625
3233.80927734375
3109.2232177734377
4142.69482421875
3561.0189453125
3501.597314453125
3214.0184326171875
3314.13994140625
3141.481298828125
3275.31083984375
3030.8530029296876
3347.9977783203126
3404.3629638671873
4038.1383544921873
3520.2905029296876
3200.65234375
3220.6697509765627
2817.0060546875
3109.725439453125
3280.298291015625
3326.95
3751.9801025390625
3873.972900390625
3808.094873046875
4217.1190185546875
4192.85
3751.78876953125
4468.307788085937
4643.598193359375
3562.8658935546873
2971.8282470703125
2707.3824462890625
2411.4786865234373
3996.412109375
3486.573583984375
4073.53388671875
4183.482641601562
4016.6955810546874
3778.4059814453126
3894.189892578125
3818.506982421875
3798.557177734375
3393.4375732421877
3849.6481201171873
4062.3712158203125
4399.239990234375
3523.0062255859375
3904.3484375
4177.431884765625
3028.37568359375
3424.4311279296876
4157.759008789062
4362.6553955078125
4561.8856201171875
3918.5799560546875
4226.8228759765625
3324.93720703125
3824.544970703125
4151.764111328125
3547.261083984375
3890.5164794921875
3574.1243896484375
2701.399755859375
4249.637182617187
3993.8018798828125
4056.4919189453126
4336.566943359375
3960.9691162109375
4039.2671875
4226.732153320312
3950.3704345703127
4360.7087890625
