20
1424.18828125
1120.4295166015625
735.63828125
1398.594482421875
1180.5177978515626
816.18515625
1081.8708251953126
1360.7913818359375
1135.35263671875
1363.268359375
1156.718701171875
1422.9435302734375
1218.4754638671875
1307.51025390625
725.1480712890625
1381.342919921875
1746.888623046875
1162.0466064453126
1112.5303955078125
1731.6979736328126
1934.3251953125
2344.8784423828124
1711.57802734375
1828.977490234375
2255.7489501953123
2694.2133544921876
1734.799755859375
2704.138720703125
1683.269970703125
2557.6916748046874
2695.2212890625
2383.2432861328125
2302.8885986328123
3725.7848388671873
3423.8872802734377
3893.729931640625
3233.80927734375
3109.2232177734377
4142.69482421875
3561.0189453125
3501.597314453125
3214.0184326171875
3314.13994140625
3141.481298828125
3275.31083984375
3030.8530029296876
3347.9977783203126
3404.3629638671873
4038.1383544921873
3520.2905029296876
3200.65234375
3220.6697509765627
2817.0060546875
3109.725439453125
3280.298291015625
3326.95
3751.9801025390625
3873.972900390625
3808.094873046875
4217.1190185546875
4192.85
3751.78876953125
4468.307788085937
4643.598193359375
3562.8658935546873
2971.8282470703125
2707.3824462890625
2411.4786865234373
3996.412109375
3486.573583984375
4073.53388671875
4183.482641601562
4016.6955810546874
3778.4059814453126
3894.189892578125
3818.506982421875
3798.557177734375
3393.4375732421877
3849.6481201171873
4062.3712158203125
4399.239990234375
3523.0062255859375
3904.3484375
4177.431884765625
3028.37568359375
3424.4311279296876
4157.759008789062
4362.6553955078125
4561.8856201171875
3918.5799560546875
4226.8228759765625
3324.93720703125
3824.544970703125
4151.764111328125
3547.261083984375
3890.5164794921875
3574.1243896484375
2701.399755859375
4249.637182617187
3993.8018798828125
4056.4919189453126
4336.566943359375
3960.9691162109375
4039.2671875
4226.732153320312
3950.3704345703127
4360.7087890625
3817.1114013671877
3771.5548583984373
3793.7917236328126
4471.735107421875
4013.303125
4203.131909179688
3951.912158203125
4101.56611328125
3674.130322265625
3853.467041015625
3540.2658447265626
3490.9600341796877
3714.46328125
3491.105517578125
4086.2998779296877
3753.1021728515625
4210.281469726562
3905.782177734375
4255.57197265625
4143.94423828125
4072.42705078125
4211.8682861328125
4000.4487548828124
3950.2733154296875
3510.38154296875
3434.993408203125
3881.4474609375
3826.666357421875
4035.90927734375
3349.530908203125
3279.2314453125
3094.4293701171873
2585.3487548828125
3845.064794921875
3061.787353515625
3643.879931640625
2885.0019775390624
2782.471533203125
3159.0234619140624
3511.416015625
4178.279272460937
3672.569677734375
3295.8979736328124
3565.0482421875
3172.2412841796877
3788.4950927734376
2971.2818359375
3719.631982421875
3677.85166015625
3923.476171875
3521.349658203125
3662.478955078125
2716.19453125
3245.328857421875
3318.7177001953123
3207.00888671875
3256.671533203125
3740.4804931640624
3326.0341552734376
3132.3720703125
3379.5449462890624
3413.8392578125
4224.077954101563
3773.11572265625
3884.2357666015623
3491.9942138671877
3318.08095703125
4461.519091796875
4364.643286132812
4057.1204833984375
4131.370751953125
3620.9872802734376
2766.0862060546874
2882.4630615234373
3622.679638671875
2747.0539794921874
2840.1959716796873
2786.30576171875
3675.788818359375
3305.419873046875
3743.959228515625
3270.410400390625
2800.4266845703123
3676.1227783203126
3064.44033203125
3488.342919921875
2360.94462890625
3243.6419921875
3102.365234375
3117.3775146484377
3766.9953125
3833.2046630859377
3338.123291015625
3744.7753173828123
2802.3722412109373
3476.8299560546875
3519.2408935546873
3468.9114013671874
2996.2348388671876
2777.891552734375
2983.35966796875
3472.7260009765623
3019.6120361328126
2394.705859375
2815.940673828125
3010.533984375
3481.6302734375
3749.8881591796876
3229.8046630859376
3334.9930908203123
3011.0493896484377
3691.9086669921876
3480.3003173828124
3356.83662109375
3383.314013671875
3212.0364501953127
3241.664013671875
2414.4594482421876
3642.2471923828125
4033.5248779296876
3597.24404296875
3294.785400390625
3771.696630859375
3519.4041259765627
3484.0435302734377
3214.5281982421875
3117.9926025390623
3152.4399169921876
3200.575439453125
3715.075
3770.1177734375
3647.703857421875
3414.8568603515623
4024.3783935546876
3845.5440673828125
3268.3589599609377
3731.47666015625
3701.7278076171874
3030.0115234375
3577.6586669921876
3325.8760009765624
3916.1123779296877
3652.6423583984374
3152.058154296875
3705.2030517578123
3336.622119140625
3182.8981689453126
2268.8343994140623
2556.32705078125
2440.69267578125
3094.974365234375
3596.375
3565.575537109375
3739.3096923828125
3555.0888671875
3539.6255615234377
3286.5481201171874
2876.3429931640626
3268.169091796875
3084.5772216796877
2987.000732421875
3017.49384765625
2858.516064453125
3181.187060546875
4301.784375
3274.638720703125
3405.324365234375
3032.8748046875
2823.3830322265626
3303.4049072265625
2882.7817138671876
4373.747827148438
3476.2951416015626
3425.9360107421876
3234.703515625
2892.43662109375
3125.312353515625
2881.8050048828127
3498.674365234375
3081.2521728515626
2806.5294189453125
2166.67880859375
1874.892333984375
2490.486474609375
2713.038427734375
3015.1504638671877
2606.3481689453124
2752.961962890625
2669.06376953125
2873.3471435546876
2545.02744140625
2450.325927734375
2939.5416748046873
2704.1987548828124
2857.81845703125
3046.7427734375
2983.9600830078125
2778.1728759765624
2788.7229736328127
3127.8381591796874
2958.0785888671876
3381.45546875
2975.13681640625
3042.2675048828123
2591.818408203125
3170.735546875
2953.6392333984377
2627.6220947265624
3068.1821044921876
2497.5453369140623
2531.520849609375
2338.0080322265626
2437.43095703125
2945.26455078125
2419.89482421875
2772.4026123046874
2240.0128662109373
2263.4408203125
2667.546484375
2150.5745849609375
2460.4822265625
2498.14677734375
2459.49560546875
2303.144189453125
2560.9205078125
2712.6509521484377
3021.6381103515623
3150.4791259765625
2481.3791259765626
2351.9017333984375
2600.1196044921876
2592.4486083984375
2263.5666748046874
2578.464990234375
2558.91162109375
2402.007861328125
2936.5399658203123
2537.5681396484374
2817.640771484375
2558.68662109375
2331.532275390625
2350.27978515625
2688.3173095703123
2790.4588134765627
2407.136767578125
2059.7479248046875
1834.36201171875
2897.0209716796876
2549.846240234375
2494.5693359375
2379.1512451171875
2235.1887939453127
2141.671533203125
2409.2141845703127
1583.1889892578124
1809.94541015625
2009.60146484375
1954.2447509765625
1628.97548828125
1659.0167236328125
1918.024169921875
2381.808740234375
2712.4789306640623
2522.0905029296873
2526.132470703125
2354.0287841796876
2268.6809326171874
2384.443505859375
2709.4032958984376
2672.9115478515623
2283.5762939453125
2082.014111328125
1819.8053466796875
1875.8984375
2036.89677734375
2795.8002197265623
2807.6548095703124
3010.244482421875
