20
277.324658203125
481.04306640625
53.268017578125
54.8939697265625
856.4384765625
-126.1858154296875
706.9707275390625
900.6697509765625
794.7233642578125
268.7802978515625
300.8677490234375
710.6771728515625
694.4726318359375
139.9417236328125
491.512939453125
-220.91240234375
1050.37509765625
820.110595703125
1143.653857421875
8.953857421875
1550.5513916015625
3159.629296875
3475.3149169921876
3008.2251220703124
4444.29833984375
4216.121728515625
4365.169116210937
4283.3255859375
4465.374365234375
4396.684594726563
4331.953466796875
4323.551684570312
4494.372607421875
4248.109838867187
3922.714892578125
4462.968725585937
4435.6573486328125
4188.573046875
4368.086328125
4319.1363525390625
4526.720751953125
4373.183276367187
4171.237939453125
4370.450830078125
4468.114819335938
4438.260595703125
4652.565209960938
3919.3441162109375
4500.53701171875
4400.383618164063
4457.57646484375
4409.884619140625
4306.633715820312
4251.773095703125
3937.50693359375
4554.014013671875
4532.206787109375
4415.7105712890625
4317.766650390625
4477.73203125
4471.249536132813
4669.1251220703125
4456.555493164063
4624.996923828125
4413.5025634765625
4428.262744140625
