20
540.81845703125
445.31552734375
691.47587890625
1004.393017578125
802.046826171875
513.408642578125
799.4583984375
820.520458984375
900.518603515625
830.84072265625
924.246484375
848.556005859375
1283.809423828125
815.77548828125
1339.256005859375
1391.13720703125
1449.691015625
1386.165625
1243.265673828125
1283.78701171875
1368.8865234375
1025.159912109375
1112.8140625
1184.502587890625
1225.14541015625
1410.879443359375
1089.824560546875
753.95419921875
807.3541015625
1401.77080078125
1272.24404296875
951.86669921875
1028.39033203125
1255.030859375
1384.077880859375
1054.834228515625
1158.974365234375
1260.341357421875
1214.8693359375
1308.49541015625
1034.4900390625
1060.080908203125
785.8826171875
1370.973876953125
1210.649560546875
1223.209912109375
1425.667822265625
1172.278369140625
1424.310888671875
1581.2150390625
1238.924462890625
1242.336376953125
1264.721875
1393.87958984375
1194.777294921875
975.225390625
1221.226513671875
1156.91494140625
906.398681640625
815.899755859375
968.164501953125
1001.31357421875
1233.104052734375
1013.72109375
798.459130859375
822.036962890625
867.74365234375
923.0306640625
830.1337890625
988.93603515625
1319.52158203125
1148.582080078125
1057.42783203125
935.089013671875
897.729150390625
1177.339697265625
1221.73193359375
994.958544921875
805.6955078125
607.017822265625
940.40859375
880.297216796875
615.651513671875
603.0736328125
704.994189453125
817.101953125
808.26650390625
822.054833984375
706.95791015625
869.43056640625
970.91767578125
837.0705078125
648.7626953125
710.229150390625
1009.962451171875
930.86513671875
814.999169921875
720.8177734375
1007.39931640625
973.013232421875
495.889990234375
697.499755859375
935.9083984375
964.792578125
1137.675146484375
999.5267578125
1165.56220703125
686.9599609375
897.0333984375
1032.230615234375
757.502294921875
527.36884765625
544.068603515625
805.63447265625
604.91484375
735.95703125
951.399951171875
855.507568359375
777.402197265625
726.506494140625
829.794091796875
661.6251953125
1259.746435546875
833.815478515625
923.537890625
779.49599609375
792.940966796875
908.202490234375
1028.724951171875
965.78740234375
1109.352197265625
853.766064453125
949.7716796875
918.5619140625
807.222607421875
805.646337890625
842.590380859375
1123.929736328125
998.395849609375
934.39248046875
1134.041845703125
715.91943359375
796.977490234375
874.254638671875
566.379833984375
552.499267578125
884.17978515625
675.674072265625
765.363037109375
800.10107421875
936.4697265625
1007.29462890625
992.35673828125
694.0875
818.063623046875
968.481201171875
1108.590380859375
1016.004150390625
1234.56259765625
783.68994140625
787.441552734375
1140.094970703125
821.362451171875
976.105810546875
829.4265625
758.078125
851.87314453125
941.95556640625
1028.13515625
867.826708984375
619.385986328125
703.992431640625
1029.14580078125
821.3400390625
669.244140625
652.12158203125
840.164306640625
640.032080078125
715.6171875
1029.461181640625
1199.684375
949.503759765625
799.32958984375
925.93173828125
1279.591259765625
1167.474462890625
616.968701171875
872.33759765625
810.697900390625
776.932177734375
1174.264501953125
868.538818359375
626.432666015625
934.551806640625
710.127392578125
830.1224609375
955.7126953125
733.12060546875
884.543505859375
699.29052734375
772.199169921875
1102.223486328125
758.905029296875
1024.591845703125
955.1876953125
1169.817138671875
864.408349609375
1086.80595703125
832.938623046875
1110.2853515625
1044.418896484375
678.061669921875
1134.2990234375
803.88544921875
989.739990234375
906.65205078125
715.24970703125
1005.1837890625
924.751806640625
523.86865234375
664.78154296875
1072.458251953125
1001.64306640625
1127.442529296875
1129.7466796875
1097.416455078125
767.183837890625
840.782080078125
798.5265625
1241.0916015625
1014.36083984375
664.97841796875
1233.054541015625
865.69873046875
1091.922509765625
1131.944384765625
1049.609375
932.972802734375
735.886865234375
1003.1771484375
933.976123046875
1093.800537109375
869.760888671875
805.802099609375
960.504296875
839.4376953125
884.315283203125
632.75234375
661.460205078125
890.7509765625
914.317041015625
1019.613134765625
694.075537109375
949.593896484375
1019.633154296875
761.889892578125
950.65517578125
1058.21123046875
931.97822265625
761.50869140625
856.720263671875
737.446044921875
835.148828125
860.748974609375
1026.477783203125
1190.02900390625
1268.689404296875
848.30009765625
750.92705078125
855.139453125
1170.625390625
782.0384765625
1166.3990234375
1117.699755859375
1106.78125
818.82060546875
1010.293310546875
1131.3919921875
702.194970703125
1016.184912109375
1206.315625
1075.51435546875
1185.36904296875
899.360498046875
795.393017578125
894.32607421875
750.3267578125
541.8603515625
812.975439453125
762.44853515625
812.8609375
598.606884765625
729.264990234375
698.517333984375
1023.428857421875
1023.772509765625
896.05478515625
934.1166015625
1021.351025390625
764.47890625
1087.7576171875
835.916162109375
840.591748046875
965.02138671875
718.1384765625
941.706103515625
888.24306640625
836.99375
784.8369140625
905.459326171875
702.6845703125
655.597802734375
689.796630859375
956.471142578125
840.390673828125
818.465576171875
599.1060546875
870.841259765625
1165.25576171875
1119.776171875
764.012939453125
827.249169921875
892.871875
1030.856396484375
807.1115234375
903.63193359375
1145.5078125
866.904443359375
904.865234375
687.864111328125
850.856103515625
627.9439453125
494.48759765625
658.55869140625
874.9494140625
1065.180224609375
872.217236328125
728.165380859375
738.37646484375
791.263623046875
857.498876953125
787.667529296875
617.27060546875
822.973876953125
642.1525390625
711.51689453125
523.920166015625
589.027783203125
853.5580078125
778.703076171875
778.644287109375
714.17763671875
684.537353515625
873.2169921875
904.459228515625
680.8296875
854.465771484375
647.01337890625
937.457958984375
846.8681640625
1212.8958984375
881.14892578125
959.633740234375
863.198388671875
917.575244140625
805.6775390625
582.572021484375
613.1775390625
1067.271533203125
617.65224609375
654.846240234375
885.261572265625
608.417919921875
820.449609375
